
Scanning public/assets/smashup/cards/compressed/cards2.webp (1666x2048) as 7x7
Cell size: 238x292
00 01 02 03 04 05 06
07 08 09 10 11 12 13
14 15 16 17 18 19 20
21 22 23 24 25 26 27
28 29 30 31 32 33 34
35 36 37 38 39 40 41
42 43 44 45 46 47 48

Scanning public/assets/smashup/cards/compressed/cards3.webp (1943x2048) as 7x8
Cell size: 242x292
00 01 02 03 04 05 06 07
08 09 10 11 12 13 14 15
16 17 18 19 20 21 22 23
24 25 26 27 28 29 30 31
32 33 34 35 36 37 38 39
40 41 42 43 44 45 46 47
48 49 50 51 52 53 54 55

Scanning public/assets/smashup/cards/compressed/cards4.webp (1943x2048) as 7x8
Cell size: 242x292
00 01 02 03 04 05 06 07
08 09 10 11 12 13 14 15
16 17 18 19 20 21 22 23
24 25 26 27 28 29 30 31
32 33 34 35 36 37 38 39
40 41 42 43 44 45 46 47
48 49 50 51 52 53 54 55